266.150000	 0.004154	
266.579719	 0.004089	
267.009438	 0.004025	
267.439157	 0.003963	
267.868876	 0.003901	
268.298594	 0.003841	
268.728313	 0.003782	
269.158032	 0.003724	
269.587751	 0.003667	
270.017470	 0.003611	
270.447189	 0.003557	
270.876908	 0.003503	
271.306627	 0.003450	
271.736345	 0.003399	
272.166064	 0.003348	
272.595783	 0.003298	
273.025502	 0.003250	
273.455221	 0.003202	
273.884940	 0.003155	
274.314659	 0.003108	
274.744378	 0.003063	
275.174096	 0.003019	
275.603815	 0.002975	
276.033534	 0.002932	
276.463253	 0.002890	
276.892972	 0.002849	
277.322691	 0.002809	
277.752410	 0.002769	
278.182129	 0.002730	
278.611847	 0.002691	
279.041566	 0.002654	
279.471285	 0.002617	
279.901004	 0.002580	
280.330723	 0.002545	
280.760442	 0.002510	
281.190161	 0.002475	
281.619880	 0.002442	
282.049598	 0.002408	
282.479317	 0.002376	
282.909036	 0.002344	
283.338755	 0.002312	
283.768474	 0.002282	
284.198193	 0.002251	
284.627912	 0.002221	
285.057631	 0.002192	
285.487349	 0.002163	
285.917068	 0.002135	
286.346787	 0.002107	
286.776506	 0.002080	
287.206225	 0.002053	
287.635944	 0.002027	
288.065663	 0.002001	
288.495382	 0.001976	
288.925100	 0.001951	
289.354819	 0.001926	
289.784538	 0.001902	
290.214257	 0.001878	
290.643976	 0.001855	
291.073695	 0.001832	
291.503414	 0.001809	
291.933133	 0.001787	
292.362851	 0.001765	
292.792570	 0.001744	
293.222289	 0.001723	
293.652008	 0.001702	
294.081727	 0.001682	
294.511446	 0.001662	
294.941165	 0.001642	
295.370884	 0.001622	
295.800602	 0.001603	
296.230321	 0.001585	
296.660040	 0.001566	
297.089759	 0.001548	
297.519478	 0.001530	
297.949197	 0.001513	
298.378916	 0.001496	
298.808635	 0.001479	
299.238353	 0.001462	
299.668072	 0.001445	
300.097791	 0.001429	
300.527510	 0.001413	
300.957229	 0.001398	
301.386948	 0.001382	
301.816667	 0.001367	
302.246386	 0.001352	
302.676104	 0.001338	
303.105823	 0.001323	
303.535542	 0.001309	
303.965261	 0.001295	
304.394980	 0.001282	
304.824699	 0.001268	
305.254418	 0.001255	
305.684137	 0.001242	
306.113855	 0.001229	
306.543574	 0.001216	
306.973293	 0.001204	
307.403012	 0.001191	
307.832731	 0.001179	
308.262450	 0.001167	
308.692169	 0.001156	
309.121888	 0.001144	
309.551606	 0.001133	
309.981325	 0.001122	
310.411044	 0.001111	
310.840763	 0.001100	
311.270482	 0.001089	
311.700201	 0.001079	
312.129920	 0.001069	
312.559639	 0.001058	
312.989357	 0.001048	
313.419076	 0.001039	
313.848795	 0.001029	
314.278514	 0.001019	
314.708233	 0.001010	
315.137952	 0.001001	
315.567671	 0.000992	
315.997390	 0.000983	
316.427108	 0.000974	
316.856827	 0.000965	
317.286546	 0.000956	
317.716265	 0.000948	
318.145984	 0.000940	
318.575703	 0.000932	
319.005422	 0.000924	
319.435141	 0.000916	
319.864859	 0.000908	
320.294578	 0.000900	
320.724297	 0.000892	
321.154016	 0.000885	
321.583735	 0.000878	
322.013454	 0.000870	
322.443173	 0.000863	
322.872892	 0.000856	
323.302610	 0.000849	
323.732329	 0.000843	
324.162048	 0.000836	
324.591767	 0.000829	
325.021486	 0.000823	
325.451205	 0.000816	
325.880924	 0.000810	
326.310643	 0.000804	
326.740361	 0.000798	
327.170080	 0.000792	
327.599799	 0.000786	
328.029518	 0.000780	
328.459237	 0.000774	
328.888956	 0.000768	
329.318675	 0.000763	
329.748394	 0.000757	
330.178112	 0.000752	
330.607831	 0.000747	
331.037550	 0.000741	
331.467269	 0.000736	
331.896988	 0.000731	
332.326707	 0.000726	
332.756426	 0.000721	
333.186145	 0.000716	
333.615863	 0.000711	
334.045582	 0.000707	
334.475301	 0.000702	
334.905020	 0.000697	
335.334739	 0.000693	
335.764458	 0.000688	
336.194177	 0.000684	
336.623896	 0.000680	
337.053614	 0.000676	
337.483333	 0.000671	
337.913052	 0.000667	
338.342771	 0.000663	
338.772490	 0.000659	
339.202209	 0.000655	
339.631928	 0.000651	
340.061647	 0.000648	
340.491365	 0.000644	
340.921084	 0.000640	
341.350803	 0.000636	
341.780522	 0.000633	
342.210241	 0.000629	
342.639960	 0.000626	
343.069679	 0.000623	
343.499398	 0.000619	
343.929116	 0.000616	
344.358835	 0.000613	
344.788554	 0.000609	
345.218273	 0.000606	
345.647992	 0.000603	
346.077711	 0.000600	
346.507430	 0.000597	
346.937149	 0.000594	
347.366867	 0.000591	
347.796586	 0.000588	
348.226305	 0.000586	
348.656024	 0.000583	
349.085743	 0.000580	
349.515462	 0.000578	
349.945181	 0.000575	
350.374900	 0.000572	
350.804618	 0.000570	
351.234337	 0.000567	
351.664056	 0.000565	
352.093775	 0.000562	
352.523494	 0.000560	
352.953213	 0.000558	
353.382932	 0.000556	
353.812651	 0.000553	
354.242369	 0.000551	
354.672088	 0.000549	
355.101807	 0.000547	
355.531526	 0.000545	
355.961245	 0.000543	
356.390964	 0.000541	
356.820683	 0.000539	
357.250402	 0.000537	
357.680120	 0.000535	
358.109839	 0.000533	
358.539558	 0.000531	
358.969277	 0.000530	
359.398996	 0.000528	
359.828715	 0.000526	
360.258434	 0.000524	
360.688153	 0.000523	
361.117871	 0.000521	
361.547590	 0.000520	
361.977309	 0.000518	
362.407028	 0.000517	
362.836747	 0.000515	
363.266466	 0.000514	
363.696185	 0.000512	
364.125904	 0.000511	
364.555622	 0.000510	
364.985341	 0.000508	
365.415060	 0.000507	
365.844779	 0.000506	
366.274498	 0.000505	
366.704217	 0.000504	
367.133936	 0.000502	
367.563655	 0.000501	
367.993373	 0.000500	
368.423092	 0.000499	
368.852811	 0.000498	
369.282530	 0.000497	
369.712249	 0.000496	
370.141968	 0.000495	
370.571687	 0.000495	
371.001406	 0.000494	
371.431124	 0.000493	
371.860843	 0.000492	
372.290562	 0.000491	
372.720281	 0.000491	
373.150000	 0.000490	
