0	0	30	60	90	120	150	180	210	240	270	300	330	360
-0.100000000000000	0.0353200000000000	0.0345500000000000	0.0320300000000000	0.0324200000000000	0.0311700000000000	0.0284200000000000	0.0280200000000000	0.0307390000000000	0.0303780000000000	0.0324790000000000	0.0280420000000000	0.0328930000000000	0.0353200000000000
-0.0950000000000000	0.0453700000000000	0.0445200000000000	0.0404200000000000	0.0406900000000000	0.0390100000000000	0.0357300000000000	0.0347900000000000	0.0404140000000000	0.0401510000000000	0.0404410000000000	0.0359000000000000	0.0407910000000000	0.0453700000000000
-0.0900000000000000	0.0559700000000000	0.0575300000000000	0.0564900000000000	0.0523200000000000	0.0495300000000000	0.0479900000000000	0.0442300000000000	0.0473750000000000	0.0522530000000000	0.0524920000000000	0.0471290000000000	0.0585010000000000	0.0559700000000000
-0.0850000000000000	0.0799800000000000	0.0771500000000000	0.0744000000000000	0.0688000000000000	0.0630200000000000	0.0612400000000000	0.0565500000000000	0.0614270000000000	0.0645870000000000	0.0686080000000000	0.0623870000000000	0.0774250000000000	0.0799800000000000
-0.0800000000000000	0.105160000000000	0.101950000000000	0.0979400000000000	0.0902100000000000	0.0823900000000000	0.0771900000000000	0.0712100000000000	0.0772210000000000	0.0848790000000000	0.0895030000000000	0.0849030000000000	0.102526000000000	0.105160000000000
-0.0750000000000000	0.140590000000000	0.138710000000000	0.131340000000000	0.120520000000000	0.106840000000000	0.0963500000000000	0.0881300000000000	0.0968610000000000	0.106794000000000	0.116894000000000	0.116839000000000	0.139075000000000	0.140590000000000
-0.0700000000000000	0.178050000000000	0.187890000000000	0.177350000000000	0.160260000000000	0.135760000000000	0.118450000000000	0.104100000000000	0.116931000000000	0.136360000000000	0.157893000000000	0.163444000000000	0.188790000000000	0.178050000000000
-0.0650000000000000	0.267330000000000	0.254840000000000	0.236420000000000	0.210750000000000	0.171990000000000	0.132420000000000	0.114340000000000	0.137460000000000	0.170866000000000	0.208194000000000	0.227959000000000	0.268516000000000	0.267330000000000
-0.0600000000000000	0.386760000000000	0.378580000000000	0.341130000000000	0.283050000000000	0.218110000000000	0.145470000000000	0.108290000000000	0.148187000000000	0.217038000000000	0.287493000000000	0.327575000000000	0.379459000000000	0.386760000000000
-0.0550000000000000	0.550170000000000	0.536790000000000	0.480570000000000	0.395850000000000	0.280240000000000	0.159430000000000	0.0571400000000000	0.159312000000000	0.284823000000000	0.396978000000000	0.477294000000000	0.536364000000000	0.550170000000000
-0.0500000000000000	0.778030000000000	0.752630000000000	0.675110000000000	0.551260000000000	0.388540000000000	0.202630000000000	0.0376400000000000	0.202697000000000	0.390479000000000	0.551070000000000	0.686212000000000	0.752114000000000	0.778030000000000
-0.0450000000000000	1.00160000000000	0.962380000000000	0.863850000000000	0.713280000000000	0.505850000000000	0.277460000000000	0.130110000000000	0.276238000000000	0.510362000000000	0.710803000000000	0.878267000000000	0.971556000000000	1.00160000000000
-0.0400000000000000	1.15786000000000	1.12177000000000	1.01273000000000	0.834350000000000	0.598410000000000	0.333820000000000	0.180160000000000	0.339638000000000	0.602810000000000	0.836131000000000	1.03185000000000	1.12430700000000	1.15786000000000
-0.0350000000000000	1.28142000000000	1.23738000000000	1.11204000000000	0.913130000000000	0.655120000000000	0.365510000000000	0.189380000000000	0.367661000000000	0.656837000000000	0.912989000000000	1.13169700000000	1.23746400000000	1.28142000000000
-0.0300000000000000	1.35486000000000	1.31402000000000	1.18040000000000	0.966230000000000	0.692050000000000	0.380420000000000	0.181950000000000	0.379724000000000	0.691863000000000	0.966005000000000	1.19998900000000	1.31433200000000	1.35486000000000
-0.0250000000000000	1.41060000000000	1.36285000000000	1.22371000000000	1.00220000000000	0.714700000000000	0.386970000000000	0.167750000000000	0.387559000000000	0.714117000000000	1.00194200000000	1.24282700000000	1.36269700000000	1.41060000000000
-0.0200000000000000	1.44315000000000	1.39759000000000	1.25347000000000	1.02549000000000	0.730550000000000	0.391210000000000	0.154270000000000	0.392324000000000	0.730562000000000	1.02567800000000	1.27293300000000	1.39749500000000	1.44315000000000
-0.0150000000000000	1.46849000000000	1.41826000000000	1.27202000000000	1.04089000000000	0.739300000000000	0.393730000000000	0.142620000000000	0.393920000000000	0.738969000000000	1.04068500000000	1.29925500000000	1.41771500000000	1.46849000000000
-0.0100000000000000	1.48034000000000	1.43290000000000	1.28471000000000	1.05067000000000	0.746850000000000	0.395400000000000	0.132610000000000	0.395326000000000	0.745681000000000	1.05074000000000	1.31202000000000	1.43233300000000	1.48034000000000
-0.00500000000000000	1.49219000000000	1.44160000000000	1.29248000000000	1.05632000000000	0.749870000000000	0.395890000000000	0.128050000000000	0.395911000000000	0.750180000000000	1.05638400000000	1.29957900000000	1.44114300000000	1.49219000000000
0	1.49204000000000	1.44390000000000	1.29458000000000	1.05838000000000	0.750900000000000	0.395980000000000	0.125860000000000	0.395928000000000	0.750879000000000	1.05821100000000	1.31829700000000	1.44287300000000	1.49204000000000
0.00500000000000000	1.49188000000000	1.44260000000000	1.29169000000000	1.05638000000000	0.749240000000000	0.395230000000000	0.130150000000000	0.396643000000000	0.749463000000000	1.05634200000000	1.31991400000000	1.44013900000000	1.49188000000000
0.0100000000000000	1.48040000000000	1.43288000000000	1.28468000000000	1.05023000000000	0.746080000000000	0.394430000000000	0.133220000000000	0.395365000000000	0.745708000000000	1.05125600000000	1.31332100000000	1.43211900000000	1.48040000000000
0.0150000000000000	1.46893000000000	1.41882000000000	1.27285000000000	1.04043000000000	0.740060000000000	0.392220000000000	0.141800000000000	0.393761000000000	0.739955000000000	1.04126800000000	1.29738400000000	1.41706000000000	1.46893000000000
0.0200000000000000	1.44467000000000	1.39619000000000	1.25275000000000	1.02569000000000	0.729440000000000	0.390970000000000	0.153960000000000	0.391627000000000	0.729580000000000	1.02541400000000	1.27515400000000	1.39641200000000	1.44467000000000
0.0250000000000000	1.41061000000000	1.36359000000000	1.22298000000000	1.00229000000000	0.714410000000000	0.386740000000000	0.168700000000000	0.387005000000000	0.714535000000000	1.00285700000000	1.24616100000000	1.36302700000000	1.41061000000000
0.0300000000000000	1.36879000000000	1.31323000000000	1.17870000000000	0.968500000000000	0.691130000000000	0.380730000000000	0.184490000000000	0.379589000000000	0.691327000000000	0.968108000000000	1.20348100000000	1.31403600000000	1.36879000000000
0.0350000000000000	1.27583000000000	1.23911000000000	1.12086000000000	0.913920000000000	0.657850000000000	0.365780000000000	0.190760000000000	0.364633000000000	0.662755000000000	0.914970000000000	1.14133200000000	1.24175000000000	1.27583000000000
0.0400000000000000	1.16173000000000	1.12431000000000	1.01980000000000	0.835460000000000	0.601230000000000	0.335390000000000	0.189070000000000	0.334994000000000	0.596540000000000	0.833907000000000	1.03559200000000	1.12740500000000	1.16173000000000
0.0450000000000000	0.989880000000000	0.968620000000000	0.868110000000000	0.708640000000000	0.507940000000000	0.279200000000000	0.127200000000000	0.280577000000000	0.506778000000000	0.706395000000000	0.884421000000000	0.966445000000000	0.989880000000000
0.0500000000000000	0.780080000000000	0.751840000000000	0.673890000000000	0.553140000000000	0.388880000000000	0.202820000000000	0.0358200000000000	0.202297000000000	0.389712000000000	0.551847000000000	0.680943000000000	0.753754000000000	0.780080000000000
0.0550000000000000	0.554930000000000	0.538400000000000	0.483500000000000	0.394770000000000	0.284610000000000	0.158650000000000	0.0570000000000000	0.156223000000000	0.283605000000000	0.393796000000000	0.482209000000000	0.536817000000000	0.554930000000000
0.0600000000000000	0.392460000000000	0.372480000000000	0.338100000000000	0.286210000000000	0.217670000000000	0.149940000000000	0.102870000000000	0.150703000000000	0.215914000000000	0.286560000000000	0.332098000000000	0.371546000000000	0.392460000000000
0.0650000000000000	0.269980000000000	0.261270000000000	0.239660000000000	0.209170000000000	0.169700000000000	0.138070000000000	0.114270000000000	0.135522000000000	0.172128000000000	0.208687000000000	0.226592000000000	0.260167000000000	0.269980000000000
0.0700000000000000	0.185550000000000	0.189150000000000	0.175120000000000	0.157010000000000	0.136320000000000	0.117790000000000	0.104140000000000	0.117234000000000	0.135752000000000	0.157000000000000	0.160867000000000	0.187472000000000	0.185550000000000
0.0750000000000000	0.136930000000000	0.136290000000000	0.129680000000000	0.118480000000000	0.106970000000000	0.0963700000000000	0.0880900000000000	0.0970350000000000	0.106048000000000	0.118386000000000	0.118718000000000	0.137151000000000	0.136930000000000
0.0800000000000000	0.108460000000000	0.103930000000000	0.0982100000000000	0.0902600000000000	0.0849900000000000	0.0773900000000000	0.0712900000000000	0.0773520000000000	0.0826360000000000	0.0888070000000000	0.0898110000000000	0.103074000000000	0.108460000000000
0.0850000000000000	0.0811900000000000	0.0773300000000000	0.0738800000000000	0.0678800000000000	0.0648800000000000	0.0608500000000000	0.0561100000000000	0.0610410000000000	0.0640060000000000	0.0679610000000000	0.0656750000000000	0.0770050000000000	0.0811900000000000
0.0900000000000000	0.0595500000000000	0.0579300000000000	0.0558500000000000	0.0526600000000000	0.0491900000000000	0.0476300000000000	0.0443900000000000	0.0480630000000000	0.0509670000000000	0.0524420000000000	0.0480900000000000	0.0581520000000000	0.0595500000000000
0.0950000000000000	0.0472800000000000	0.0451000000000000	0.0423100000000000	0.0412900000000000	0.0397900000000000	0.0368700000000000	0.0353800000000000	0.0386850000000000	0.0393080000000000	0.0414820000000000	0.0369000000000000	0.0438460000000000	0.0472800000000000
0.100000000000000	0.0355700000000000	0.0359400000000000	0.0329800000000000	0.0326400000000000	0.0313800000000000	0.0292300000000000	0.0281900000000000	0.0293320000000000	0.0308220000000000	0.0327680000000000	0.0283950000000000	0.0342010000000000	0